3

5
5
3

-1.0638 1.01952 0.00552361 -5.35274 -3.56128 
0.0326444 0.0898997 -1.29542 4.5395 0.499531 
0.00010264 1.51709 -0.457316 0.28776 -1.98528 
-1.50943 0.262512 3.78207 -0.336135 -0.919715 
2.14543 0.0540416 -0.0710975 0.0520282 -9.50414 
5.89516 -3.60786 2.21314 -4.36527 0.04619 
0.64121 0.371505 -0.866713 -0.766062 -0.0604955 
0.0879905 0.123311 -0.115943 -0.623838 4.03387 


4.63638 1.01952 -0.00368496 -5.85647 0.111134 
0.0326444 0.0898997 -1.34667 2.87035 -2.21481 
0.370899 2.68695 -2.98903 
